1 0.6093125 0.42009259259259263 0.20619010416666678 0.6177824074074073
1 0.8988541666666666 0.6164722222222222 0.05406249999999986 0.15165277777777764
1 0.9577447916666666 0.6159722222222223 0.053054687499999885 0.15763888888888888
1 0.7265677083333333 0.6504814814814814 0.03229687499999988 0.11575925925925924
1 0.6615833333333333 0.647638888888889 0.05429166666666679 0.13236111111111115
1 0.6245364583333333 0.6444814814814814 0.04693229166666673 0.15558796296296282
1 0.4743020833333333 0.5643888888888888 0.08393750000000004 0.29910648148148133
1 0.4281197916666667 0.6174259259259259 0.064578125 0.19797685185185168
1 0.08806770833333334 0.6483796296296296 0.08650781249999999 0.20069907407407417
1 0.22659895833333332 0.6602314814814815 0.08233072916666663 0.17967592592592588
1 0.29326562500000003 0.6973055555555556 0.04065885416666658 0.08712037037037029
1 0.35675520833333335 0.6805555555555556 0.04477604166666668 0.09443981481481471
1 0.3396354166666667 0.6980277777777778 0.025052083333333405 0.05913425925925927
1 0.3908802083333333 0.6984444444444445 0.027598958333333336 0.0785416666666667
1 0.566890625 0.6941018518518518 0.023403645833333306 0.05474999999999989
1 0.5265 0.6831018518518519 0.03222916666666661 0.07384722222222233