1 0.5762890625 0.48354166666666665 0.3631015625 0.958597222222222
1 0.655296875 0.9068750000000001 0.037332031249999884 0.10271527777777768
1 0.4729765625 0.8827083333333333 0.050714843749999974 0.13478472222222232
1 0.44642968749999995 0.9233194444444444 0.02103906250000005 0.05248611111111106
1 0.3063046875 0.9067916666666667 0.03911718750000004 0.07762500000000014
1 0.3496015625 0.9275277777777778 0.028898437500000006 0.0386388888888888
1 0.2792890625 0.9253333333333333 0.019523437500000008 0.04200000000000001
1 0.258609375 0.922875 0.021890624999999986 0.040236111111111146
1 0.22151562500000002 0.898625 0.047683593749999975 0.09445833333333332
1 0.07761718749999999 0.8541388888888889 0.08851953125 0.1638888888888889
1 0.4064296875 0.8273750000000001 0.10174218750000001 0.2683541666666669