1 0.6062109375 0.4813333333333333 0.25796093750000004 0.9625833333333332
1 0.6543671875 0.902888888888889 0.03679296875000002 0.10843750000000006
1 0.47165625 0.8881666666666667 0.03532812500000002 0.1319097222222221
1 0.44628125 0.9280833333333334 0.015812500000000007 0.03919444444444448
1 0.4241484375 0.8304166666666666 0.09094140624999998 0.25809722222222214
1 0.37586718750000003 0.9315277777777778 0.03133593750000001 0.04611111111111117
1 0.3504921875 0.9327500000000001 0.01940234375000003 0.04293749999999995
1 0.307796875 0.9063611111111112 0.03279687500000002 0.07650000000000022
1 0.27878125 0.9236666666666666 0.01862890625000002 0.03339583333333344
1 0.2589765625 0.9227361111111111 0.022652343750000005 0.04009722222222239
1 0.22374999999999998 0.8936944444444445 0.04289062499999998 0.09300694444444464
1 0.07278124999999999 0.8585972222222223 0.07668750000000002 0.1586041666666669