1 0.8596354166666667 0.3476851851851852 0.28072916666666664 0.6953703703703704
1 0.6717604166666666 0.29367592592592595 0.1312161458333333 0.3649722222222222
1 0.6203125 0.29988888888888887 0.07060937499999985 0.24532870370370374
1 0.5797239583333335 0.29237037037037034 0.05018489583333334 0.2249814814814815
1 0.5189270833333334 0.29919444444444443 0.024562500000000043 0.06665740740740742
1 0.50078125 0.3023888888888889 0.011903645833333342 0.049148148148148184
1 0.48982291666666666 0.3031666666666667 0.012968750000000048 0.0454305555555555
1 0.48088020833333334 0.3032685185185185 0.014505208333333287 0.04553240740740737
1 0.474546875 0.3041203703703704 0.009304687500000004 0.034212962962962896
1 0.46988020833333327 0.3029722222222222 0.00951041666666678 0.03709722222222217
1 0.4630208333333333 0.3022685185185185 0.01450781250000001 0.038180555555555565