1 0.9635 0.5359537037037038 0.0043567708333332195 0.00024074074074073232
1 0.8549114583333333 0.3690462962962963 0.2901406249999999 0.7380277777777777
1 0.6699895833333334 0.3162222222222222 0.13786197916666676 0.3939305555555555
1 0.6150416666666667 0.3133611111111111 0.07346093750000003 0.2324814814814815
1 0.5829114583333334 0.3097407407407407 0.058864583333333324 0.1957870370370371
1 0.5156562499999999 0.30568518518518517 0.03528906250000006 0.06637962962962968
1 0.5031041666666667 0.30350925925925926 0.025020833333333315 0.06204166666666666
1 0.4914895833333333 0.3051388888888889 0.020156250000000025 0.0655185185185185
1 0.4818385416666667 0.30553703703703705 0.016825520833333368 0.0663842592592592
1 0.47311458333333334 0.30888888888888894 0.01940885416666672 0.07523148148148148
1 0.4677135416666667 0.3064074074074074 0.021648437500000027 0.07585185185185181