1 0.45622656250000004 0.48563888888888884 0.3123359375 0.9683819444444443
1 0.3456328125 0.902888888888889 0.03679296875000002 0.10843750000000006
1 0.52834375 0.8881666666666667 0.03532812500000002 0.1319097222222221
1 0.55371875 0.9280833333333334 0.015812500000000007 0.03919444444444448
1 0.5758515625 0.8304166666666666 0.09094140624999998 0.25809722222222214
1 0.6241328125 0.9315277777777778 0.031335937499999925 0.04611111111111117
1 0.6495078125 0.9327500000000001 0.01940234375000003 0.04293749999999995
1 0.692203125 0.9063611111111112 0.03279687500000002 0.07650000000000022
1 0.72121875 0.9236666666666666 0.01862890625000002 0.03339583333333344
1 0.7410234375 0.9227361111111111 0.022652343749999915 0.04009722222222239
1 0.77625 0.8936944444444445 0.04289062499999989 0.09300694444444464
1 0.92721875 0.8585972222222223 0.07668749999999988 0.1586041666666669