1 0.13359375 0.3282407407407407 0.2671875 0.6564814814814814
1 0.33381249999999996 0.3064166666666667 0.15293750000000006 0.44351851851851853
1 0.3885677083333333 0.3031203703703704 0.09113541666666668 0.28612499999999996
1 0.41596875 0.3053240740740741 0.06254427083333335 0.21114351851851848
1 0.4843177083333333 0.3074074074074074 0.02509114583333331 0.07777777777777778
1 0.4982135416666667 0.3081759259259259 0.018747395833333395 0.0848981481481481
1 0.5072083333333334 0.3037685185185185 0.012973958333333376 0.07810185185185187
1 0.5174479166666667 0.3062314814814815 0.015325520833333309 0.0806342592592593
1 0.5249322916666667 0.3065462962962963 0.014106770833333353 0.09722222222222222
1 0.5304010416666667 0.3028518518518518 0.01183593750000007 0.09253703703703699
1 0.5367864583333334 0.30467592592592596 0.012531249999999971 0.037949074074074086