1 0.1984375 0.5027777777777778 0.396875 0.9944444444444445
1 0.6624739583333333 0.6175925925925926 0.10210677083333337 0.7648148148148148
1 0.76840625 0.6907407407407408 0.07769010416666665 0.6185185185185185
1 0.5848177083333332 0.5203703703703704 0.019869791666666477 0.06295833333333323
1 0.08481249999999996 0.5428703703703703 0.02820572916666677 0.059999999999999956
1 0.05986979166666669 0.6849537037037037 0.03648437499999986 0.2516250000000001
1 0.4040416666666667 0.5439907407407407 0.014708333333333457 0.0731574074074074
1 0.49459895833333334 0.530787037037037 0.017119791666666728 0.061337962962962865
1 0.4864375 0.5274074074074074 0.014604166666666647 0.054722222222222346
1 0.47227604166666665 0.5343425925925926 0.017830729166666733 0.07231018518518521
1 0.4487395833333333 0.535787037037037 0.025479166666666705 0.07143518518518506
1 0.42540625 0.5374722222222222 0.019906249999999896 0.07868055555555548