1 0.39068749999999997 0.42009259259259263 0.20619010416666678 0.6177824074074073
1 0.10114583333333335 0.6164722222222222 0.05406249999999986 0.15165277777777764
1 0.04225520833333339 0.6159722222222223 0.053054687499999885 0.15763888888888888
1 0.27343229166666666 0.6504814814814814 0.03229687499999988 0.11575925925925924
1 0.33841666666666664 0.647638888888889 0.05429166666666679 0.13236111111111115
1 0.37546354166666673 0.6444814814814814 0.04693229166666673 0.15558796296296282
1 0.5256979166666667 0.5643888888888888 0.08393750000000004 0.29910648148148133
1 0.5718802083333333 0.6174259259259259 0.06457812500000013 0.19797685185185168
1 0.9119322916666667 0.6483796296296296 0.08650781249999989 0.20069907407407417
1 0.7734010416666667 0.6602314814814815 0.08233072916666657 0.17967592592592588
1 0.7067343749999999 0.6973055555555556 0.04065885416666646 0.08712037037037029
1 0.6432447916666667 0.6805555555555556 0.044776041666666565 0.09443981481481471
1 0.6603645833333334 0.6980277777777778 0.025052083333333523 0.05913425925925927
1 0.6091197916666666 0.6984444444444445 0.027598958333333458 0.0785416666666667
1 0.43310937499999996 0.6941018518518518 0.023403645833333306 0.05474999999999989
1 0.4735 0.6831018518518519 0.03222916666666661 0.07384722222222233