1 0.585546875 0.48125 0.34453125 0.9625
1 0.6585156249999999 0.9156944444444444 0.026484374999999893 0.10944444444444439
1 0.47352343750000003 0.8960555555555555 0.04071484375000001 0.14467361111111107
1 0.4254765625 0.8264444444444444 0.08367578125000001 0.27227083333333313
1 0.3788046875 0.9401111111111111 0.020210937500000005 0.04428472222222221
1 0.353328125 0.9436666666666668 0.028718749999999994 0.051312500000000226
1 0.309125 0.9215972222222222 0.03373828125000004 0.09034722222222216
1 0.280921875 0.9364166666666667 0.024281250000000032 0.04197916666666654
1 0.26328125 0.9397777777777777 0.0234375 0.04602777777777792
1 0.22414062499999998 0.8969444444444444 0.05461328124999998 0.12472222222222216
1 0.074828125 0.8723611111111111 0.08889062500000003 0.1584652777777778