1 0.24565625000000002 0.6067777777777779 0.045395833333333316 0.22853240740740724
1 0.35130208333333335 0.6456666666666667 0.05260156249999994 0.18408796296296281
1 0.397671875 0.6547685185185185 0.03699479166666665 0.1834722222222221
1 0.46620833333333334 0.6527962962962963 0.05735416666666673 0.27594444444444444
1 0.5131510416666667 0.6126111111111111 0.09075520833333334 0.4140000000000001
1 0.5798072916666667 0.6796759259259259 0.03866406249999983 0.2296759259259259
1 0.6546927083333334 0.6481388888888889 0.06354687499999988 0.31480555555555556
1 0.81434375 0.7603981481481482 0.07450260416666671 0.16872685185185177
1 0.8037239583333334 0.7681759259259259 0.04070312500000005 0.13252314814814814
1 0.925109375 0.7943611111111111 0.039692708333333354 0.12214351851851848
1 0.9541510416666666 0.7861388888888888 0.03540364583333329 0.1166898148148149
1 0.875125 0.7788240740740741 0.02929166666666679 0.10567129629629629
1 0.8928385416666667 0.7960277777777778 0.029294270833333278 0.12519444444444447