1 0.0365 0.5359537037037038 0.004356770833333324 0.00024074074074073232
1 0.14508854166666668 0.3690462962962963 0.290140625 0.7380277777777777
1 0.3300104166666667 0.3162222222222222 0.13786197916666662 0.3939305555555555
1 0.38495833333333335 0.3133611111111111 0.07346093749999992 0.2324814814814815
1 0.41708854166666665 0.3097407407407407 0.058864583333333324 0.1957870370370371
1 0.48434375 0.30568518518518517 0.03528906250000006 0.06637962962962968
1 0.4968958333333333 0.30350925925925926 0.025020833333333315 0.06204166666666666
1 0.5085104166666666 0.3051388888888889 0.020156250000000025 0.0655185185185185
1 0.5181614583333334 0.30553703703703705 0.016825520833333368 0.0663842592592592
1 0.5268854166666667 0.30888888888888894 0.01940885416666672 0.07523148148148148
1 0.5322864583333333 0.3064074074074074 0.021648437500000027 0.07585185185185181