1 0.5568593749999999 0.5277361111111112 0.290453125 0.8694097222222221
1 0.6557578125 0.9113333333333333 0.03661718750000009 0.09189583333333329
1 0.4666171875 0.8801527777777778 0.039664062499999986 0.13778472222222213
1 0.445625 0.9283611111111111 0.01633203124999998 0.045729166666666606
1 0.41603124999999996 0.8396388888888888 0.09454687499999999 0.2375625000000001
1 0.37727343750000003 0.9320416666666668 0.020242187499999974 0.04454166666666658
1 0.3529609375 0.9342222222222222 0.018589843749999967 0.03490972222222221
1 0.30896875 0.906513888888889 0.030449218750000017 0.08220833333333341
1 0.27975 0.9262083333333333 0.01568750000000003 0.03871527777777778
1 0.2624765625 0.9233472222222221 0.014039062500000022 0.03585416666666674
1 0.22556250000000003 0.891 0.03845312500000002 0.09308333333333331
1 0.06967187500000001 0.85575 0.067328125 0.16686805555555553