1 0.8015625 0.5027777777777778 0.396875 0.9944444444444445
1 0.33752604166666667 0.6175925925925926 0.10210677083333337 0.7648148148148148
1 0.23159375000000001 0.6907407407407408 0.0776901041666667 0.6185185185185185
1 0.41518229166666665 0.5203703703703704 0.019869791666666595 0.06295833333333323
1 0.9151875 0.5428703703703703 0.02820572916666677 0.059999999999999956
1 0.9401302083333333 0.6849537037037037 0.03648437499999986 0.2516250000000001
1 0.5959583333333334 0.5439907407407407 0.014708333333333457 0.0731574074074074
1 0.5054010416666667 0.530787037037037 0.017119791666666728 0.061337962962962865
1 0.5135625 0.5274074074074074 0.014604166666666647 0.054722222222222346
1 0.5277239583333333 0.5343425925925926 0.017830729166666733 0.07231018518518521
1 0.5512604166666667 0.535787037037037 0.025479166666666705 0.07143518518518506
1 0.57459375 0.5374722222222222 0.019906249999999896 0.07868055555555548