1 0.5727578125 0.49916666666666665 0.31260156249999993 0.9345763888888888
1 0.6563671875 0.9069999999999999 0.04542968749999989 0.11672222222222217
1 0.47538281250000003 0.8833888888888889 0.050773437500000004 0.16117361111111123
1 0.4478671875 0.9296805555555555 0.028726562499999986 0.062312500000000014
1 0.3775703125 0.9271527777777777 0.02717968750000006 0.05701388888888882
1 0.3497578125 0.9278194444444444 0.02905859375000004 0.05838194444444424
1 0.30746093750000003 0.9044861111111111 0.03051171874999996 0.08088194444444462
1 0.27902343749999997 0.9223194444444445 0.026679687499999983 0.05287499999999991
1 0.2570625 0.9203749999999999 0.01878515624999997 0.054402777777777564
1 0.2238359375 0.8874166666666667 0.04610156249999999 0.09992361111111134
1 0.0671328125 0.8528888888888889 0.0733828125 0.1556597222222223
1 0.41803125 0.8312083333333333 0.09537109375000004 0.2735694444444445