1 0.4237109375 0.48354166666666665 0.3631015625 0.958597222222222
1 0.344703125 0.9068750000000001 0.037332031249999884 0.10271527777777768
1 0.5270234375 0.8827083333333333 0.050714843749999974 0.13478472222222232
1 0.5535703125 0.9233194444444444 0.02103906250000005 0.05248611111111106
1 0.6936953125 0.9067916666666667 0.03911718750000013 0.07762500000000014
1 0.6503984375 0.9275277777777778 0.028898437500000006 0.0386388888888888
1 0.7207109375 0.9253333333333333 0.019523437500000008 0.04200000000000001
1 0.741390625 0.922875 0.021890624999999986 0.040236111111111146
1 0.778484375 0.898625 0.047683593749999885 0.09445833333333332
1 0.9223828125000001 0.8541388888888889 0.08851953124999987 0.1638888888888889
1 0.5935703125 0.8273750000000001 0.10174218750000001 0.2683541666666669