1 0.24015624999999996 0.5252962962962965 0.2078125 0.9492314814814815
1 0.3834010416666667 0.4628611111111111 0.041190104166666686 0.2665833333333334
1 0.4281302083333333 0.5085277777777778 0.036562500000000143 0.41312499999999996
1 0.4838802083333333 0.4153148148148148 0.02184635416666675 0.14316203703703703
1 0.5383541666666666 0.38449074074074074 0.024479166666666666 0.07318055555555553
1 0.6113177083333333 0.3839074074074074 0.036375000000000074 0.05857870370370369
1 0.6834947916666666 0.3913425925925926 0.021377604166666706 0.06303240740740745
1 0.7037239583333333 0.38916666666666666 0.019716145833333344 0.058541666666666686
1 0.7170364583333334 0.38678703703703704 0.016744791666666713 0.061986111111111054
1 0.7699583333333333 0.3882407407407408 0.01207291666666658 0.05940277777777786
1 0.7811302083333334 0.3879444444444445 0.020955729166666732 0.06452777777777782
1 0.84009375 0.3937777777777777 0.02077083333333339 0.0601157407407407